{
 "cells": [
  {
   "cell_type": "code",
   "execution_count": 2,
   "id": "5647fb90",
   "metadata": {},
   "outputs": [
    {
     "data": {
      "text/html": [
       "<div>\n",
       "<style scoped>\n",
       "    .dataframe tbody tr th:only-of-type {\n",
       "        vertical-align: middle;\n",
       "    }\n",
       "\n",
       "    .dataframe tbody tr th {\n",
       "        vertical-align: top;\n",
       "    }\n",
       "\n",
       "    .dataframe thead th {\n",
       "        text-align: right;\n",
       "    }\n",
       "</style>\n",
       "<table border=\"1\" class=\"dataframe\">\n",
       "  <thead>\n",
       "    <tr style=\"text-align: right;\">\n",
       "      <th></th>\n",
       "      <th>Unnamed: 0</th>\n",
       "      <th>total_bill</th>\n",
       "      <th>tip</th>\n",
       "      <th>sex</th>\n",
       "      <th>smoker</th>\n",
       "      <th>day</th>\n",
       "      <th>time</th>\n",
       "      <th>size</th>\n",
       "      <th>mean</th>\n",
       "      <th>sample_variance</th>\n",
       "    </tr>\n",
       "  </thead>\n",
       "  <tbody>\n",
       "    <tr>\n",
       "      <th>0</th>\n",
       "      <td>0</td>\n",
       "      <td>16.990000</td>\n",
       "      <td>1.01</td>\n",
       "      <td>0</td>\n",
       "      <td>0</td>\n",
       "      <td>2</td>\n",
       "      <td>0</td>\n",
       "      <td>2</td>\n",
       "      <td>2.750000</td>\n",
       "      <td>33.882886</td>\n",
       "    </tr>\n",
       "    <tr>\n",
       "      <th>1</th>\n",
       "      <td>1</td>\n",
       "      <td>21.360195</td>\n",
       "      <td>1.66</td>\n",
       "      <td>1</td>\n",
       "      <td>0</td>\n",
       "      <td>2</td>\n",
       "      <td>0</td>\n",
       "      <td>3</td>\n",
       "      <td>3.752524</td>\n",
       "      <td>51.623146</td>\n",
       "    </tr>\n",
       "    <tr>\n",
       "      <th>2</th>\n",
       "      <td>2</td>\n",
       "      <td>21.010000</td>\n",
       "      <td>3.50</td>\n",
       "      <td>1</td>\n",
       "      <td>0</td>\n",
       "      <td>2</td>\n",
       "      <td>0</td>\n",
       "      <td>3</td>\n",
       "      <td>4.063750</td>\n",
       "      <td>48.508227</td>\n",
       "    </tr>\n",
       "    <tr>\n",
       "      <th>3</th>\n",
       "      <td>3</td>\n",
       "      <td>23.680000</td>\n",
       "      <td>3.31</td>\n",
       "      <td>1</td>\n",
       "      <td>0</td>\n",
       "      <td>2</td>\n",
       "      <td>0</td>\n",
       "      <td>2</td>\n",
       "      <td>4.373750</td>\n",
       "      <td>62.380141</td>\n",
       "    </tr>\n",
       "    <tr>\n",
       "      <th>4</th>\n",
       "      <td>4</td>\n",
       "      <td>24.590000</td>\n",
       "      <td>3.61</td>\n",
       "      <td>0</td>\n",
       "      <td>0</td>\n",
       "      <td>2</td>\n",
       "      <td>0</td>\n",
       "      <td>4</td>\n",
       "      <td>4.775000</td>\n",
       "      <td>67.327886</td>\n",
       "    </tr>\n",
       "    <tr>\n",
       "      <th>...</th>\n",
       "      <td>...</td>\n",
       "      <td>...</td>\n",
       "      <td>...</td>\n",
       "      <td>...</td>\n",
       "      <td>...</td>\n",
       "      <td>...</td>\n",
       "      <td>...</td>\n",
       "      <td>...</td>\n",
       "      <td>...</td>\n",
       "      <td>...</td>\n",
       "    </tr>\n",
       "    <tr>\n",
       "      <th>239</th>\n",
       "      <td>239</td>\n",
       "      <td>29.030000</td>\n",
       "      <td>5.92</td>\n",
       "      <td>1</td>\n",
       "      <td>0</td>\n",
       "      <td>1</td>\n",
       "      <td>0</td>\n",
       "      <td>3</td>\n",
       "      <td>34.868750</td>\n",
       "      <td>6897.592784</td>\n",
       "    </tr>\n",
       "    <tr>\n",
       "      <th>240</th>\n",
       "      <td>240</td>\n",
       "      <td>27.180000</td>\n",
       "      <td>2.00</td>\n",
       "      <td>0</td>\n",
       "      <td>1</td>\n",
       "      <td>1</td>\n",
       "      <td>0</td>\n",
       "      <td>2</td>\n",
       "      <td>34.147500</td>\n",
       "      <td>7002.905479</td>\n",
       "    </tr>\n",
       "    <tr>\n",
       "      <th>241</th>\n",
       "      <td>241</td>\n",
       "      <td>22.670000</td>\n",
       "      <td>2.00</td>\n",
       "      <td>1</td>\n",
       "      <td>1</td>\n",
       "      <td>1</td>\n",
       "      <td>0</td>\n",
       "      <td>2</td>\n",
       "      <td>33.833750</td>\n",
       "      <td>7064.021112</td>\n",
       "    </tr>\n",
       "    <tr>\n",
       "      <th>242</th>\n",
       "      <td>242</td>\n",
       "      <td>17.820000</td>\n",
       "      <td>1.75</td>\n",
       "      <td>1</td>\n",
       "      <td>0</td>\n",
       "      <td>1</td>\n",
       "      <td>0</td>\n",
       "      <td>2</td>\n",
       "      <td>33.196250</td>\n",
       "      <td>7153.526684</td>\n",
       "    </tr>\n",
       "    <tr>\n",
       "      <th>243</th>\n",
       "      <td>243</td>\n",
       "      <td>18.780000</td>\n",
       "      <td>3.00</td>\n",
       "      <td>0</td>\n",
       "      <td>0</td>\n",
       "      <td>3</td>\n",
       "      <td>0</td>\n",
       "      <td>2</td>\n",
       "      <td>33.722500</td>\n",
       "      <td>7189.433193</td>\n",
       "    </tr>\n",
       "  </tbody>\n",
       "</table>\n",
       "<p>244 rows × 10 columns</p>\n",
       "</div>"
      ],
      "text/plain": [
       "     Unnamed: 0  total_bill   tip  sex  smoker  day  time  size       mean  \\\n",
       "0             0   16.990000  1.01    0       0    2     0     2   2.750000   \n",
       "1             1   21.360195  1.66    1       0    2     0     3   3.752524   \n",
       "2             2   21.010000  3.50    1       0    2     0     3   4.063750   \n",
       "3             3   23.680000  3.31    1       0    2     0     2   4.373750   \n",
       "4             4   24.590000  3.61    0       0    2     0     4   4.775000   \n",
       "..          ...         ...   ...  ...     ...  ...   ...   ...        ...   \n",
       "239         239   29.030000  5.92    1       0    1     0     3  34.868750   \n",
       "240         240   27.180000  2.00    0       1    1     0     2  34.147500   \n",
       "241         241   22.670000  2.00    1       1    1     0     2  33.833750   \n",
       "242         242   17.820000  1.75    1       0    1     0     2  33.196250   \n",
       "243         243   18.780000  3.00    0       0    3     0     2  33.722500   \n",
       "\n",
       "     sample_variance  \n",
       "0          33.882886  \n",
       "1          51.623146  \n",
       "2          48.508227  \n",
       "3          62.380141  \n",
       "4          67.327886  \n",
       "..               ...  \n",
       "239      6897.592784  \n",
       "240      7002.905479  \n",
       "241      7064.021112  \n",
       "242      7153.526684  \n",
       "243      7189.433193  \n",
       "\n",
       "[244 rows x 10 columns]"
      ]
     },
     "execution_count": 2,
     "metadata": {},
     "output_type": "execute_result"
    }
   ],
   "source": [
    "import pandas as pd\n",
    "\n",
    "# Sample data\n",
    "final_df = pd.read_csv(\"tip.csv\")\n",
    "\n",
    "# Compute mean and variance for each sample\n",
    "mean_values = []\n",
    "variance_values = []\n",
    "\n",
    "for index, row in final_df.iterrows():\n",
    "    sample_data = row.values\n",
    "    n = len(sample_data)  # Number of elements in the sample\n",
    "    mean = sum(sample_data) / n\n",
    "    \n",
    "    # Sample variance calculation\n",
    "    squared_diff_sum = sum((x - mean) ** 2 for x in sample_data)\n",
    "    variance = squared_diff_sum / (n - 1)  # Sample variance formula\n",
    "    \n",
    "    mean_values.append(mean)\n",
    "    variance_values.append(variance)\n",
    "\n",
    "# Add mean and variance columns to the DataFrame\n",
    "final_df['mean'] = mean_values\n",
    "final_df['sample_variance'] = variance_values\n",
    "\n",
    "final_df"
   ]
  },
  {
   "cell_type": "code",
   "execution_count": 3,
   "id": "df947362",
   "metadata": {},
   "outputs": [
    {
     "name": "stdout",
     "output_type": "stream",
     "text": [
      "Covariance between the two vectors: 6.570598691157279\n"
     ]
    }
   ],
   "source": [
    "import pandas as pd\n",
    "\n",
    "# Sample data\n",
    "vector1 = final_df['total_bill']\n",
    "vector2 = final_df['tip']\n",
    "\n",
    "# Compute mean for each vector\n",
    "mean_vector1 = vector1.mean()\n",
    "mean_vector2 = vector2.mean()\n",
    "\n",
    "# Compute covariance for the sample\n",
    "covariance = sum((vector1[i] - mean_vector1) * (vector2[i] - mean_vector2) for i in range(len(vector1))) / (len(vector1) - 1)\n",
    "\n",
    "print(\"Covariance between the two vectors:\", covariance)"
   ]
  },
  {
   "cell_type": "code",
   "execution_count": 4,
   "id": "9f361f62",
   "metadata": {},
   "outputs": [
    {
     "name": "stdout",
     "output_type": "stream",
     "text": [
      "Correlation between the two vectors: 0.5844613454746339\n"
     ]
    }
   ],
   "source": [
    "import pandas as pd\n",
    "import math\n",
    "\n",
    "# Compute means for each vector\n",
    "mean_vector1 = vector1.mean()\n",
    "mean_vector2 = vector2.mean()\n",
    "\n",
    "# Compute the sum of the products of the differences\n",
    "sum_of_products = sum((vector1[i] - mean_vector1) * (vector2[i] - mean_vector2) for i in range(len(vector1)))\n",
    "\n",
    "# Compute the sum of the squares of the differences for each vector\n",
    "sum_of_squares_vector1 = sum((x - mean_vector1) ** 2 for x in vector1)\n",
    "sum_of_squares_vector2 = sum((y - mean_vector2) ** 2 for y in vector2)\n",
    "\n",
    "# Compute the square root of the sums of squares\n",
    "sqrt_sum_of_squares_vector1 = math.sqrt(sum_of_squares_vector1)\n",
    "sqrt_sum_of_squares_vector2 = math.sqrt(sum_of_squares_vector2)\n",
    "\n",
    "# Compute correlation\n",
    "correlation = sum_of_products / (sqrt_sum_of_squares_vector1 * sqrt_sum_of_squares_vector2)\n",
    "\n",
    "print(\"Correlation between the two vectors:\", correlation)"
   ]
  },
  {
   "cell_type": "code",
   "execution_count": 6,
   "id": "e2435481",
   "metadata": {},
   "outputs": [
    {
     "name": "stdout",
     "output_type": "stream",
     "text": [
      "Covariance Matrix:\n",
      "[[ 6.60166098e+01  6.57059869e+00  3.72440630e-01  4.01501957e-01\n",
      "  -3.62015056e-01 -5.30535582e-01  4.20976573e+00  1.54435272e+01\n",
      "   1.39505672e+03]\n",
      " [ 6.57059869e+00  1.91445464e+00  5.90133576e-02  3.99210686e-03\n",
      "  -1.48084059e-02 -7.56088511e-02  6.43906429e-01  8.11649257e-01\n",
      "  -1.00063585e+02]\n",
      " [ 3.72440630e-01  5.90133576e-02  2.30368346e-01  6.57761587e-04\n",
      "  -3.48276327e-02 -4.42555488e-02  3.93476354e-02 -2.16652816e-01\n",
      "  -3.92759851e+01]\n",
      " [ 4.01501957e-01  3.99210686e-03  6.57761587e-04  2.36844768e-01\n",
      "  -1.27521419e-01 -1.20083654e-02 -6.16440667e-02  2.14499122e+00\n",
      "   4.98283820e+02]\n",
      " [-3.62015056e-01 -1.48084059e-02 -3.48276327e-02 -1.27521419e-01\n",
      "   8.58986035e-01  2.65668218e-01  6.12730217e-02  2.95093316e-01\n",
      "  -1.11430741e+02]\n",
      " [-5.30535582e-01 -7.56088511e-02 -4.42555488e-02 -1.20083654e-02\n",
      "   2.65668218e-01  2.01848479e-01 -4.41880861e-02  8.63633552e-01\n",
      "   1.31470999e+02]\n",
      " [ 4.20976573e+00  6.43906429e-01  3.93476354e-02 -6.16440667e-02\n",
      "   6.12730217e-02 -4.41880861e-02  9.04590839e-01  7.86775471e-01\n",
      "   3.50799385e+01]\n",
      " [ 1.54435272e+01  8.11649257e-01 -2.16652816e-01  2.14499122e+00\n",
      "   2.95093316e-01  8.63633552e-01  7.86775471e-01  8.14175896e+01\n",
      "   1.84848813e+04]\n",
      " [ 1.39505672e+03 -1.00063585e+02 -3.92759851e+01  4.98283820e+02\n",
      "  -1.11430741e+02  1.31470999e+02  3.50799385e+01  1.84848813e+04\n",
      "   4.59215510e+06]]\n",
      "\n",
      "Correlation Matrix:\n",
      "[[ 1.          0.58446135  0.09550345  0.10153813 -0.04807364 -0.14533666\n",
      "   0.54476002  0.21064966  0.08012296]\n",
      " [ 0.58446135  1.          0.08886206  0.00592854 -0.01154763 -0.12162906\n",
      "   0.48929878  0.06501098 -0.03374778]\n",
      " [ 0.09550345  0.08886206  1.          0.00281595 -0.07829238 -0.2052313\n",
      "   0.08619482 -0.05002577 -0.03818629]\n",
      " [ 0.10153813  0.00592854  0.00281595  1.         -0.28272108 -0.0549211\n",
      "  -0.13317825  0.48846618  0.47778951]\n",
      " [-0.04807364 -0.01154763 -0.07829238 -0.28272108  1.          0.63801929\n",
      "   0.06951046  0.03528639 -0.05610527]\n",
      " [-0.14533666 -0.12162906 -0.2052313  -0.0549211   0.63801929  1.\n",
      "  -0.10341091  0.21303828  0.13655542]\n",
      " [ 0.54476002  0.48929878  0.08619482 -0.13317825  0.06951046 -0.10341091\n",
      "   1.          0.0916781   0.01721173]\n",
      " [ 0.21064966  0.06501098 -0.05002577  0.48846618  0.03528639  0.21303828\n",
      "   0.0916781   1.          0.95598102]\n",
      " [ 0.08012296 -0.03374778 -0.03818629  0.47778951 -0.05610527  0.13655542\n",
      "   0.01721173  0.95598102  1.        ]]\n"
     ]
    }
   ],
   "source": [
    "import pandas as pd\n",
    "import numpy as np\n",
    "\n",
    "df = final_df.drop(columns=['Unnamed: 0']).values.T\n",
    "\n",
    "# Compute covariance matrix\n",
    "covariance_matrix = np.cov(df)\n",
    "\n",
    "# Compute correlation matrix\n",
    "correlation_matrix = np.corrcoef(df)\n",
    "\n",
    "print(\"Covariance Matrix:\")\n",
    "print(covariance_matrix)\n",
    "print(\"\\nCorrelation Matrix:\")\n",
    "print(correlation_matrix)"
   ]
  },
  {
   "cell_type": "code",
   "execution_count": null,
   "id": "b9082e91",
   "metadata": {},
   "outputs": [],
   "source": []
  },
  {
   "cell_type": "code",
   "execution_count": null,
   "id": "4baabcb8",
   "metadata": {},
   "outputs": [],
   "source": []
  },
  {
   "cell_type": "code",
   "execution_count": null,
   "id": "7857777e",
   "metadata": {},
   "outputs": [],
   "source": []
  },
  {
   "cell_type": "code",
   "execution_count": null,
   "id": "3364aa48",
   "metadata": {},
   "outputs": [],
   "source": []
  },
  {
   "cell_type": "code",
   "execution_count": null,
   "id": "1c4d869b",
   "metadata": {},
   "outputs": [],
   "source": []
  },
  {
   "cell_type": "code",
   "execution_count": null,
   "id": "1d59de10",
   "metadata": {},
   "outputs": [],
   "source": []
  },
  {
   "cell_type": "code",
   "execution_count": null,
   "id": "827bcf10",
   "metadata": {},
   "outputs": [],
   "source": []
  },
  {
   "cell_type": "code",
   "execution_count": null,
   "id": "1aeeeb93",
   "metadata": {},
   "outputs": [],
   "source": []
  },
  {
   "cell_type": "code",
   "execution_count": null,
   "id": "caf6631e",
   "metadata": {},
   "outputs": [],
   "source": []
  },
  {
   "cell_type": "code",
   "execution_count": null,
   "id": "de77d130",
   "metadata": {},
   "outputs": [],
   "source": []
  },
  {
   "cell_type": "code",
   "execution_count": null,
   "id": "5a54a2a5",
   "metadata": {},
   "outputs": [],
   "source": []
  },
  {
   "cell_type": "code",
   "execution_count": null,
   "id": "943eb04d",
   "metadata": {},
   "outputs": [],
   "source": []
  },
  {
   "cell_type": "code",
   "execution_count": null,
   "id": "3e213532",
   "metadata": {},
   "outputs": [],
   "source": []
  },
  {
   "cell_type": "code",
   "execution_count": null,
   "id": "0c6c37e1",
   "metadata": {},
   "outputs": [],
   "source": []
  },
  {
   "cell_type": "code",
   "execution_count": null,
   "id": "6b1c7d53",
   "metadata": {},
   "outputs": [],
   "source": []
  },
  {
   "cell_type": "code",
   "execution_count": null,
   "id": "2dc80aa7",
   "metadata": {},
   "outputs": [],
   "source": []
  },
  {
   "cell_type": "code",
   "execution_count": null,
   "id": "494ea6fd",
   "metadata": {},
   "outputs": [],
   "source": []
  },
  {
   "cell_type": "code",
   "execution_count": null,
   "id": "29ca92ce",
   "metadata": {},
   "outputs": [],
   "source": []
  }
 ],
 "metadata": {
  "kernelspec": {
   "display_name": "Python 3 (ipykernel)",
   "language": "python",
   "name": "python3"
  },
  "language_info": {
   "codemirror_mode": {
    "name": "ipython",
    "version": 3
   },
   "file_extension": ".py",
   "mimetype": "text/x-python",
   "name": "python",
   "nbconvert_exporter": "python",
   "pygments_lexer": "ipython3",
   "version": "3.9.12"
  }
 },
 "nbformat": 4,
 "nbformat_minor": 5
}
